": 798 128 125
(: 817 55 34
1: 328 268 259 249 153 91 40 29
2: 887 878 860 850 844 811 655 403 346 321 291 257 203 182 178 27
3: 903 683 266 169 138 33
6: 561
a: 910 909 902 893 879 872 871 868 861 841 829 827 825 816 814 794 790 786 779 769 767 758 753 714 713 676 666 638 635 630 626 624 612 608 607 596 589 582 581 566 555 554 552 550 536 535 533 530 524 518 517 504 476 465 463 457 449 448 435 434 420 419 408 399 395 394 388 387 385 382 370 368 361 352 348 334 331 314 313 311 308 304 301 290 272 265 260 256 247 243 241 233 225 214 185 183 168 158 150 136 122 107 89 84 83 76 62 30 15 12
b: 908 869 796 785 783 732 700 633 594 515 510 483 474 473 447 443 366 359 337 332 251 238 193 157 101 98 78 56 51 19 9
c: 891 884 880 876 874 847 832 826 807 789 784 771 765 762 757 752 741 721 706 693 682 678 672 671 648 644 640 632 631 620 616 614 576 568 565 557 551 548 538 531 519 507 501 482 469 437 433 404 383 372 367 364 351 345 343 316 307 302 296 294 261 239 235 227 223 219 210 209 187 186 137 135 124 100 77 74 53 52 49
d: 882 605 602 595 553 540 526 421 360 190 126 79 54 8
e: 834 830 489 445 365 306
f: 905 901 894 881 877 870 859 858 857 845 833 810 809 808 774 754 727 701 697 696 694 692 684 670 652 617 580 563 560 547 546 543 529 528 498 493 475 471 461 441 438 429 425 416 415 414 376 358 357 355 349 319 299 298 297 292 289 283 282 277 264 255 250 246 236 231 222 221 215 197 196 189 188 179 173 172 161 156 147 143 142 139 134 133 123 119 116 115 106 94 93 88 68 67 66 58 46 35 32 31 26 25 22 18 6 5 1 0
g: 907 846 840 802 799 793 782 766 737 726 725 710 667 661 645 634 629 610 513 503 398 369 269 240 237 232 208 205 140 112 97 95 82
h: 890 867 864 837 821 800 778 763 744 733 689 674 637 623 621 609 604 578 569 525 472 467 464 455 451 450 423 393 379 335 329 326 303 285 159 151 75 48
i: 895 875 842 831 828 803 791 788 772 745 742 735 730 719 712 708 702 679 675 662 660 659 656 641 627 615 611 599 590 584 579 571 558 541 527 520 508 500 499 495 494 488 462 458 454 442 430 427 418 412 407 402 396 384 381 380 377 373 363 340 330 327 322 320 317 287 271 267 262 258 253 248 244 228 213 211 202 191 177 165 152 96 81 71 39 37 28 16
j: 657 622 618 606 166 38
l: 532 486 456 389 229 103
m: 866 865 852 836 823 813 801 781 777 759 756 751 748 739 724 720 704 680 673 636 598 593 588 577 574 564 545 514 512 453 422 413 405 392 336 310 276 218 199 114 50
n: 797 760 750 746 669 646 643 586 556 325 121 99 80 60
o: 899 889 863 853 824 820 818 806 805 755 749 685 658 601 570 502 491 478 477 446 424 410 391 353 295 281 279 274 234 217 204 195 167 132 130 127 111 109 85 65 14 11 4
p: 912 911 897 862 770 764 729 718 677 663 654 639 613 537 534 466 436 371 333 315 226 181 108 73 61 44
r: 904 815 768 734 651 600 431 409 401 339 312 273 252 224 201 176 146 144 118 92 13
s: 900 886 855 849 838 835 787 780 773 738 715 707 698 665 625 597 592 587 585 559 549 542 522 511 497 496 492 484 480 470 460 452 440 439 428 390 386 375 374 362 344 341 318 305 300 293 288 286 280 263 254 245 242 230 220 212 200 174 170 164 163 148 141 102 70 45 42 24 21 2
t: 906 896 883 873 856 854 843 819 812 804 795 792 776 747 736 731 728 723 717 716 711 709 703 699 695 691 686 668 653 642 628 591 575 573 567 521 509 506 481 479 468 417 411 406 397 356 354 350 324 278 275 270 206 194 180 171 162 149 131 120 113 110 105 104 87 86 72 69 64 57 47 41 36 23 20 3
u: 851 487 459 323 90
v: 898 888 885 848 839 740 705 681 544 539 505 490 342 216 207 160 129 63
w: 892 822 743 722 690 688 687 664 650 649 619 603 583 572 562 523 516 485 444 432 400 378 347 338 309 284 198 192 175 155 154 145 117 59 43 17 7
x: 775 647 184
y: 761 10
z: 426